1100000110110010
1011101100011111
0011100100011100
0011000101001000
1011110001111100
1100000000101101
1100000000111010
1011100111001110
1011111100001101
1100000101110010
1100010010001110
1100010010001110
1100001110110001
1100001001010110
1100000110010110
1011110111100110
1100010001100011
1100010001010110
1100000101101001
1100000101101010
1100001111111010
1011101011010000
1011101111101110
0011100100000000
1011100011110111
1011100010010110
0011100001101110
0011010101001111
1010010100100001
0100000011011001
0100000111111101
0100010010011010
0100010101001111
0100010101000110
0100010110011000
0100010111010011
0100000000100100
0100010000101011
0100010011001000
0100010011001111
0100011111011001
0100011000100101
0100011001101110
0100011011000101
0100011000100010
0100010101111110
0100010110011001
0100011000100000
0100100000000101
0100010101101010
0100010011110101
0100010111111110
0100011010100100
0100011001010111
0100010001100010
0100010000011001
0100010001110100
0100010010010000
0100010000101011
0100010000000100
0100010011011001
0100010001101001
0100011011101010
0100011001010111
