0001100010100111
0001001011110101
1111000011000010
0000101110000001
0000111000101001
0000100111010111
0001000111011100
0001100111010111
1111010101100011
1110110010101001
0000111110011111
1111111010110111
0000011100001000
0001011100000001
0000010011101001
1110111101011011
1110000111010110
1110101010111111
0000110110011101
1111111000100110
0000101110100101
1110010010010011
1110011000110001
0001010001010011
1110100110010111
0000000100110001
0000100110001001
1111110100001011
0001010011010010
1110100010000110
1111100100000101
0001001101101010
1111100110001101
1111101010101101
0000100000110001
1111101110100000
0001111011111011
1110011011001100
1110110010101110
1111010110111010
0001101011100111
0000111100111001
1111101100010000
0001110001010110
0001111011101010
0000110011011111
0000001010000001
0000101010101000
1110100000110001
1110101011110100
0000001111101011
0000101011010100
1111011110011100
0001111011010011
0001011011000001
1111100000010101
1111101101101000
1110011110111000
1110111001111010
0000010101010000
1111001010010111
1111000011111010
0001111011100100
1111011000000010
