1110001001101010
0001101001110011
1110011001010001
1111010101110110
1110100010111101
1110011011010101
1111111110100001
0000110111000011
0001100100000101
0000110010111000
1110000111110100
0000000000000000
0001100111100111
0000011110001000
0001001110001101
1110101110110101
0001100010111101
1111111101011011
0001111010100011
0000000000001000
1110001111010001
1110001010110111
0000000101100011
0001010001011101
0000111000111100
0000101000110111
0001111001000101
0001001100111001
1111101110101100
1110010101011000
1110101100011001
0001010100110101
1110001111011111
0000000110111000
0000101000001010
1111001010110000
1110000011111110
1110101010110011
1111011111010110
1111111101010111
0001110011101000
1110001101011111
1111000100111001
0000001100010000
1111101010111100
1111001101001011
0000101010100101
0000110010101110
1110101101100111
0001111111110001
1110001000010110
0001100001110001
1110110000110000
1111110101111101
1110101000000011
0000100101000100
1110110000111000
1111111011011001
0000010110111010
1111100010011110
1111000000011110
0000011101111110
0001010011000011
0000111010111100
