0010100001001000
0011001111110000
1101000001000001
0011010011101001
0001000011110001
1100110001111100
1110001110100101
0000011000000000
0011101010001111
0011101110000001
1101010000101100
0011110000111100
0011101010000100
1111111000100000
0010011001101111
1101001000101001
1111010111111100
0011010100110110
0010010101100111
0011101011010000
0001001111101111
1100010010010010
0010110010110000
0011011110001101
0001011011100000
0010000011111101
0001111100011110
1111001000110100
0001001111100110
1101010111101001
0001101001011111
1100010000010011
1110001101110010
1100010111101000
1100110001101110
0010100101100111
0001100011110000
1110100010010110
0011100110100000
1100010001101000
1111100000101000
1111000011010110
0010000111111100
0010010111001001
1101011111101011
1111111010110000
1111100100001000
0001001010111010
0001101011001100
0010000010011001
1110001101010100
0001011100000000
0001001111011010
1101010011010000
1100111100111011
1111111111001010
0011101011011000
1110101110010001
0000101011101010
1101110010100101
0010000000101001
1110000010100110
0000000011000011
0001100101111011
