0000101000010010
0000110011111100
1111010000010000
0000110100111010
0000010000111100
1111001100011111
1111100011101001
0000000110000000
0000111010100100
0000111011100000
1111010100001011
0000111100001111
0000111010100001
1111111110001000
0000100110011100
1111010010001010
1111110101111111
0000110101001110
0000100101011010
0000111010110100
0000010011111100
1111000100100101
0000101100101100
0000110111100011
0000010110111000
0000100000111111
0000011111001000
1111110010001101
0000010011111010
1111010101111010
0000011010011000
1111000100000101
1111100011011101
1111000101111010
1111001100011100
0000101001011010
0000011000111100
1111101000100110
0000111001101000
1111000100011010
1111111000001010
1111110000110110
0000100001111111
0000100101110010
1111010111111011
1111111110101100
1111111001000010
0000010010101111
0000011010110011
0000100000100110
1111100011010101
0000010111000000
0000010011110111
1111010100110100
1111001111001111
1111111111110011
0000111010110110
1111101011100100
0000001010111011
1111011100101001
0000100000001010
1111100000101010
0000000000110001
0000011001011111
