0001100111111000
0001101001110101
1110011000111110
0000001100000000
0001110111000001
0001111000011110
1111111100010000
1110100100010101
0001101010011011
0001110101101000
1110001001001001
0001101111000111
0001000001111111
1111100100011010
1110101011110101
1110001000001010
1110001011110100
0001010010110100
1111010001001011
1110001000110100
1111100001101011
0001001011100101
1111111101011000
0000100101011101
0001000001001101
0000101110000000
1110101001101000
1111111111100101
1111010111001001
1110111001010011
1111000001010011
0000110010111110
0001110101100101
1110100011011111
1111000001111011
1111000001000110
1110111110010110
1111011001100110
1111000000010010
1111111001001010
0001010100101100
0000001100101111
1111001001001011
0001000000111101
0000010001010111
1110001101110100
0001000111011110
1110100001010000
1111111000001010
1111010110010011
0001001011010110
0000000111010011
0000011010000111
0000100111011100
0000111111100010
1110010101011101
0001101001110100
0001010011011010
0001111111000001
1111110001010101
0001110110010000
0001000110011000
0001011110011001
1111100110010110
