5156
6648
-6111
6773
2169
-6594
-3629
768
7496
7617
-5610
7710
7490
-240
4920
-5867
-1282
6811
4788
7528
2552
-7607
5720
7111
2928
4223
3983
-1766
2547
-5387
3376
-7670
-3655
-7436
-6601
5300
3192
-2997
7376
-7628
-1004
-1941
4350
4837
-5130
-168
-892
2397
3430
4173
-3670
2944
2541
-5528
-6242
-27
7532
-2615
1397
-4525
4117
-4013
98
3262
6405
7525
774
-5921
-5746
-3973
5582
-4026
5149
-4202
7033
-2458
-4971
-4078
1901
-438
-2430
5420
1397
815
6835
-3509
4214
4157
-1959
1111
-6949
-7308
505
4574
7111
-6064
1128
-502
-7997
-2669
-5535
4822
-3093
467
-5478
1671
-3883
2524
3100
4066
-810
-6819
-4440
6772
-5695
5338
628
8129
-6911
-939
-6445
7568
-8116
4504
5199
6041
-6809
-1642
