0
6.179544e-02
1.235291e-01
1.851393e-01
2.465646e-01
3.077437e-01
3.686156e-01
4.291200e-01
4.891968e-01
5.487868e-01
6.078312e-01
6.662721e-01
7.240526e-01
7.811164e-01
8.374084e-01
8.928747e-01
9.474623e-01
1.001120e+00
1.053796e+00
1.105443e+00
1.156013e+00
1.205460e+00
1.253739e+00
1.300807e+00
1.346624e+00
1.391151e+00
1.434348e+00
1.476182e+00
1.516617e+00
1.555623e+00
1.593168e+00
1.629227e+00
1.663771e+00
1.696779e+00
1.728228e+00
1.758099e+00
1.786374e+00
1.813040e+00
1.838082e+00
1.861491e+00
1.883258e+00
1.903376e+00
1.921843e+00
1.938657e+00
1.953818e+00
1.967330e+00
1.979197e+00
1.989427e+00
1.998030e+00
2.005017e+00
2.010403e+00
2.014204e+00
2.016439e+00
2.017127e+00
2.016291e+00
2.013955e+00
2.010147e+00
2.004894e+00
1.998227e+00
1.990177e+00
1.980780e+00
1.970070e+00
1.958086e+00
1.944865e+00
1.930448e+00
1.914878e+00
1.898198e+00
1.880452e+00
1.861688e+00
1.841952e+00
1.821292e+00
1.799759e+00
1.777403e+00
1.754275e+00
1.730427e+00
1.705914e+00
1.680787e+00
1.655103e+00
1.628915e+00
1.602279e+00
1.575251e+00
1.547886e+00
1.520241e+00
1.492371e+00
1.464333e+00
1.436182e+00
1.407975e+00
1.379768e+00
1.351614e+00
1.323570e+00
1.295690e+00
1.268027e+00
1.240635e+00
1.213565e+00
1.186870e+00
1.160599e+00
1.134803e+00
1.109529e+00
1.084826e+00
1.060739e+00
1.037314e+00
1.014594e+00
9.926202e-01
9.714344e-01
9.510755e-01
9.315809e-01
9.129866e-01
8.953267e-01
8.786337e-01
8.629381e-01
8.482688e-01
8.346527e-01
8.221146e-01
8.106776e-01
8.003627e-01
7.911887e-01
7.831727e-01
7.763293e-01
7.706712e-01
7.662091e-01
7.629514e-01
7.609042e-01
7.600717e-01
7.604559e-01
7.620565e-01
7.648711e-01
7.688952e-01
7.741220e-01
7.805426e-01
7.881462e-01
7.969195e-01
8.068474e-01
8.179127e-01
8.300960e-01
8.433760e-01
8.577295e-01
8.731312e-01
8.895541e-01
9.069691e-01
9.253455e-01
9.446507e-01
9.648506e-01
9.859091e-01
1.007789e+00
1.030451e+00
1.053854e+00
1.077957e+00
1.102716e+00
1.128087e+00
1.154024e+00
1.180479e+00
1.207406e+00
1.234754e+00
1.262474e+00
1.290515e+00
1.318826e+00
1.347354e+00
1.376045e+00
1.404848e+00
1.433708e+00
1.462570e+00
1.491381e+00
1.520086e+00
1.548629e+00
1.576956e+00
1.605013e+00
1.632745e+00
1.660097e+00
1.687015e+00
1.713447e+00
1.739337e+00
1.764636e+00
1.789289e+00
1.813246e+00
1.836457e+00
1.858873e+00
1.880444e+00
1.901124e+00
1.920865e+00
1.939624e+00
1.957356e+00
1.974018e+00
1.989571e+00
2.003972e+00
2.017186e+00
2.029176e+00
2.039905e+00
2.049342e+00
2.057456e+00
2.064215e+00
2.069594e+00
2.073565e+00
2.076106e+00
2.077194e+00
2.076810e+00
2.074935e+00
2.071555e+00
2.066656e+00
2.060226e+00
2.052256e+00
2.042739e+00
2.031671e+00
2.019049e+00
2.004872e+00
1.989142e+00
1.971863e+00
1.953042e+00
1.932688e+00
1.910810e+00
1.887422e+00
1.862540e+00
1.836179e+00
1.808361e+00
1.779106e+00
1.748438e+00
1.716384e+00
1.682969e+00
1.648226e+00
1.612184e+00
1.574879e+00
1.536345e+00
1.496620e+00
1.455742e+00
1.413754e+00
1.370697e+00
1.326615e+00
1.281554e+00
1.235561e+00
1.188684e+00
1.140974e+00
1.092482e+00
1.043259e+00
9.933604e-01
9.428391e-01
8.917511e-01
8.401528e-01
7.881014e-01
7.356548e-01
6.828715e-01
6.298108e-01
5.765321e-01
5.230956e-01
4.695615e-01
4.159905e-01
3.624433e-01
3.089805e-01
2.556630e-01
2.025513e-01
1.497059e-01
9.718679e-02
4.505383e-02
-6.633751e-03
-5.781722e-02
-1.084385e-01
-1.584401e-01
-2.077656e-01
-2.563592e-01
-3.041661e-01
-3.511327e-01
-3.972062e-01
-4.423354e-01
-4.864700e-01
-5.295612e-01
-5.715615e-01
-6.124251e-01
-6.521074e-01
-6.905657e-01
-7.277588e-01
-7.636472e-01
-7.981932e-01
-8.313610e-01
-8.631166e-01
-8.934280e-01
-9.222650e-01
-9.495996e-01
-9.754058e-01
-9.996597e-01
-1.022339e+00
-1.043425e+00
-1.062900e+00
-1.080748e+00
-1.096956e+00
-1.111514e+00
-1.124412e+00
-1.135646e+00
-1.145210e+00
-1.153103e+00
-1.159325e+00
-1.163880e+00
-1.166772e+00
-1.168008e+00
-1.167599e+00
-1.165556e+00
-1.161892e+00
-1.156625e+00
-1.149773e+00
-1.141356e+00
-1.131396e+00
-1.119919e+00
-1.106951e+00
-1.092521e+00
-1.076660e+00
-1.059399e+00
-1.040774e+00
-1.020821e+00
-9.995771e-01
-9.770827e-01
-9.533787e-01
-9.285081e-01
-9.025152e-01
-8.754457e-01
-8.473468e-01
-8.182668e-01
-7.882555e-01
-7.573637e-01
-7.256431e-01
-6.931467e-01
-6.599282e-01
-6.260423e-01
-5.915444e-01
-5.564905e-01
-5.209372e-01
-4.849418e-01
-4.485617e-01
-4.118549e-01
-3.748795e-01
-3.376939e-01
-3.003565e-01
-2.629256e-01
-2.254596e-01
-1.880166e-01
-1.506545e-01
-1.134307e-01
-7.640237e-02
-3.962604e-02
-3.157677e-03
3.294746e-02
6.863487e-02
1.038509e-01
1.385427e-01
1.726587e-01
2.061482e-01
2.389616e-01
2.710506e-01
3.023683e-01
3.328690e-01
3.625084e-01
3.912439e-01
4.190343e-01
4.458400e-01
4.716231e-01
4.963475e-01
5.199787e-01
5.424841e-01
5.638330e-01
5.839967e-01
6.029482e-01
6.206628e-01
6.371175e-01
6.522916e-01
6.661665e-01
6.787254e-01
6.899539e-01
6.998398e-01
7.083729e-01
7.155452e-01
7.213510e-01
7.257865e-01
7.288506e-01
7.305438e-01
7.308693e-01
7.298322e-01
7.274398e-01
7.237016e-01
7.186293e-01
7.122365e-01
7.045391e-01
6.955551e-01
6.853043e-01
6.738087e-01
6.610922e-01
6.471807e-01
6.321018e-01
6.158851e-01
5.985621e-01
5.801657e-01
5.607307e-01
5.402937e-01
5.188925e-01
4.965667e-01
4.733572e-01
4.493064e-01
4.244580e-01
3.988569e-01
3.725492e-01
3.455820e-01
3.180037e-01
2.898634e-01
2.612112e-01
2.320980e-01
2.025754e-01
1.726957e-01
1.425116e-01
1.120764e-01
8.144382e-02
5.066783e-02
1.980263e-02
-1.109743e-02
-4.197796e-02
-7.278458e-02
-1.034630e-01
-1.339593e-01
-1.642195e-01
-1.941904e-01
-2.238189e-01
-2.530527e-01
-2.818400e-01
-3.101296e-01
-3.378713e-01
-3.650156e-01
-3.915139e-01
-4.173189e-01
-4.423840e-01
-4.666640e-01
-4.901148e-01
-5.126938e-01
-5.343596e-01
-5.550722e-01
-5.747932e-01
-5.934858e-01
-6.111148e-01
-6.276464e-01
-6.430489e-01
-6.572923e-01
-6.703482e-01
-6.821903e-01
-6.927941e-01
-7.021372e-01
-7.101990e-01
-7.169610e-01
-7.224069e-01
-7.265223e-01
-7.292949e-01
-7.307147e-01
-7.307738e-01
-7.294663e-01
-7.267887e-01
-7.227395e-01
-7.173195e-01
-7.105318e-01
-7.023814e-01
-6.928757e-01
-6.820243e-01
-6.698389e-01
-6.563332e-01
-6.415234e-01
-6.254275e-01
-6.080657e-01
-5.894602e-01
-5.696354e-01
-5.486176e-01
-5.264350e-01
-5.031178e-01
-4.786981e-01
-4.532097e-01
-4.266884e-01
-3.991715e-01
-3.706982e-01
-3.413092e-01
-3.110467e-01
-2.799547e-01
-2.480783e-01
-2.154642e-01
-1.821603e-01
-1.482157e-01
-1.136809e-01
-7.860730e-02
-4.304732e-02
-7.054403e-03
2.931718e-02
6.601237e-02
1.029754e-01
1.401498e-01
1.774788e-01
2.149049e-01
2.523702e-01
2.898169e-01
3.271866e-01
3.644209e-01
4.014614e-01
4.382497e-01
4.747278e-01
5.108375e-01
5.465211e-01
5.817215e-01
6.163818e-01
6.504457e-01
6.838578e-01
7.165631e-01
7.485077e-01
7.796383e-01
8.099029e-01
8.392504e-01
8.676307e-01
8.949951e-01
9.212960e-01
9.464874e-01
9.705244e-01
9.933639e-01
1.014964e+00
1.035285e+00
1.054288e+00
